-6.66667 5.45455 2.9331
-9.09091 0.202019 5.04705
-5.05051 -3.0303 6.14175
-7.47475 -7.47475 3.68761
-5.05051 -9.89899 2.59883
-2.62626 -13.5354 2.04271
3.43434 -14.7475 1.6698
7.47475 -13.5354 3.72489
10.7071 -13.1313 5.19771
11.9192 -10.7071 6.71904
10.7071 -9.49495 6.79859
9.49495 -11.1111 5.93521
9.49495 -9.09091 6.73428
5.85859 -6.66667 4.85816
2.22222 -4.24242 4.48905
1.41414 -6.66667 5.35059
5.0505 -9.49495 4.77353
8.28283 -11.5152 5.09396
3.43434 -11.9192 3.69914
1.41414 -9.89899 4.42415
-1.41414 -9.89899 3.99496
-5.05051 -5.85859 4.87913
-3.0303 -4.24242 6.08087
