7.47475 4.24242 -1.6253
9.09091 6.66667 -2.5133
15.5556 15.9596 -1.90576
7.07071 12.3232 -1.66688
16.3636 10.303 -3.08657
18.7879 -16.3636 -2.34015
13.9394 -19.1919 -2.331
1.81818 -19.596 -1.21179
-3.83838 -19.596 -0.15061
-13.9394 -16.7677 -1.54767
-15.9596 -13.5354 -0.623181
-17.5758 -6.66667 -0.67322
-18.3838 5.45455 -2.19107
-17.5758 16.7677 -1.6239
-15.1515 12.3232 -1.09813
-9.49495 18.3838 -2.2924
-2.62626 15.9596 -2.14553
2.22222 16.7677 -2.35806
9.89899 17.9798 -3.29296
-10.303 13.5354 -1.43562
-19.1919 9.89899 -1.69306
-18.3838 -1.0101 -1.74727
